image_width: 640
image_height: 480
camera_name: endo_cam_r
camera_matrix:
  rows: 3
  cols: 3
  data: [794.4133126183079, 0, 286.576228817606, 0, 794.546802344294, 251.2284173810505, 0, 0, 1]
distortion_model: plumb_bob
distortion_coefficients:
  rows: 1
  cols: 5
  data: [-0.2902730698538053, 0.8155210495782979, 0.003927992060625543, 0.00631626529416444, 0]
rectification_matrix:
  rows: 3
  cols: 3
  data: [0.9570275827594927, -0.00971104763046266, 0.2898342653853078, 0.01288498261975828, 0.9998760783965347, -0.009044615705225263, -0.2897105159644895, 0.01239045617746038, 0.957034113046815]
projection_matrix:
  rows: 3
  cols: 4
  data: [740.4350132052687, 0, 73.79541110992432, 4.214007069745507, 0, 740.4350132052687, 253.5476169586182, 0, 0, 0, 1, 0]