image_width: 640
image_height: 480
camera_name: endo_cam_l
camera_matrix:
  rows: 3
  cols: 3
  data: [789.7905303886739, 0, 374.1280142272678, 0, 789.7339977762293, 259.1760372655831, 0, 0, 1]
distortion_model: plumb_bob
distortion_coefficients:
  rows: 1
  cols: 5
  data: [-0.365864589749347, 0.4716891577845302, -0.004324589029237162, -0.001981354295592719, 0]
rectification_matrix:
  rows: 3
  cols: 3
  data: [0.9563767215074461, -0.015134467860137, 0.2917439192875481, 0.01193759454941335, 0.9998476466961083, 0.0127348825133211, -0.2918922068076548, -0.008696624566161012, 0.9564116834951947]
projection_matrix:
  rows: 3
  cols: 4
  data: [740.4350132052687, 0, 73.79541110992432, 0, 0, 740.4350132052687, 253.5476169586182, 0, 0, 0, 1, 0]