image_width: 640
image_height: 480
camera_name: endo_cam_r
camera_matrix:
  rows: 3
  cols: 3
  data: [789.8660345288021, 0, 282.4837336749999, 0, 793.1998466349385, 257.7260636149603, 0, 0, 1]
distortion_model: plumb_bob
distortion_coefficients:
  rows: 1
  cols: 5
  data: [-0.278769235184382, 0.7124254972867207, 0.002766270466614477, 0.009446058521442218, 0]
rectification_matrix:
  rows: 3
  cols: 3
  data: [0.9943520060095339, -0.03277096068417791, 0.1009462841349404, 0.03374167694387821, 0.9993991793724962, -0.0079233519798119, -0.100625977668945, 0.01128469784341168, 0.9948603259818697]
projection_matrix:
  rows: 3
  cols: 4
  data: [750.6409710434854, 0, 244.0946807861328, 4.114606672478542, 0, 750.6409710434854, 258.1270618438721, 0, 0, 0, 1, 0]