image_width: 640
image_height: 480
camera_name: endo_cam_l
camera_matrix:
  rows: 3
  cols: 3
  data: [791.5405232264712, 0, 360.5552979226918, 0, 794.0169470555262, 264.4077872629981, 0, 0, 1]
distortion_model: plumb_bob
distortion_coefficients:
  rows: 1
  cols: 5
  data: [-0.3742941890792555, 0.659921697647747, -0.004623388154435608, 0.001429765757760652, 0]
rectification_matrix:
  rows: 3
  cols: 3
  data: [0.9956214028087992, -0.03358007061575962, 0.08723761302603089, 0.03273857643359694, 0.9994027602820905, 0.01105931072172831, -0.0875568836936334, -0.008154851192928267, 0.9961261418715408]
projection_matrix:
  rows: 3
  cols: 4
  data: [750.6409710434854, 0, 244.0946807861328, 0, 0, 750.6409710434854, 258.1270618438721, 0, 0, 0, 1, 0]